//A
11111100
10000010
10000001
11111111
10000001

//B
11111100
10000010
11111100
10000010
11111110

//C
00111100
01000000
10000000
01000000
00111111

//D
11000000
10110000
10001100
10000011
11111111

//E
11110000
10000000
11111000
10000000
11111111

//F
11111111
10000000
10000000
11110000
10000000

//G
00111111
01000000
10000000
01000001
00111111

//H
10000000
10000001
10000001
11111111
10000001

//I
11000000
01000000
01000000
01000000
11000000

//J
00011100
00000100
00000100
00001000
11110000

//K
10001000
10011000
11100000
11000000
10100000

//L
10000000
10000000
10000000
10000000
11111110

//M
10000000
10000001
11000101
10101001
10010001

//N
10000000
10001000
11001000
10101000
10011000

//O
00110000
01001000
10000100
01001000
00110000

//P
11000000
10100000
10010000
11111000
10000000

//Q
00110000
01001000
10000100
01001000
00110100

//R
11100000
10010000
10001000
11111100
10000010

//S
00111100
01000000
11111110
00000001
01111110

//T
11111110
00100000
00100000
00100000
00100000

//U
10000010
10000010
10000010
10000100
11111000

//V
10001000
10001000
01001000
00101000
00010000

//W
10000010
10010010
10010010
10101010
01000100

//X
10000000
10001000
01010000
00100000
01010000

//Y
10000000
10001000
01010000
00100000
00100000

//Z
11111000
00010000
00100000
01000000
11111000